620211402
649253624
685814206
724472643
730392002
755360557
773078935
774873551
774953630
776724497
778456920
779422030
779654851
784048784
789782127
791106806
792698508
796194523
797307473
798314549
798345938
798892629
799667413
799953199
800237859
800375602
800412101
800656487
800725431
800793856
800825238
800910166
800975049
801055038
801723131
801760185
801796672
801812172
802183687
802344217
802579104
802631277
802677337
804544921
805017123
805636078
805922951
805934972
806105418
806802430
808052387
808416970
808767269
809161236
809186470
809967443
810446780
811990803
812456072
812697635
813444110
813640958
814746074
814963898
815454263
815844477
816030059
816163945
817024274
817984097
818076056
818612142
818803034
819161519
821556462
821590742
821620658
822972476
824560141
825518958
825539813
828304098
832733959
833133673
834468610
835274215
837209840
837274985
837424892
839450749
840800486
841062277
842557490
843130527
843202766
843721163
845907231
848563796
849306247
850153831
850510273
852860733
853567426
855721149
857131034
858937106
